Simple test network with 45 segments, for NetConductV1. September 2023												
1450. 1300. 100. box dimensions in microns												
1 1 1 number of tissue points in x,y,z directions												
100	outer bound distance											
500.	max. segment length											
5		maximum number of segments per node										
45	total number of segments
SegName	Type	StartNode	EndNode	Diam	Flow[nl/min]	Hd					
1	5	1	2	10	1	0.	*					
2	5	2	4	8	1	0.	*					
3	5	2	3	8	1	0.	*					
4	5	3	6	8	1	0.	*					
5	5	3	7	8	1	0.	*					
6	5	4	5	8	1	0.	*					
7	5	4	8	8	1	0.	*					
8	5	4	9	8	1	0.	*					
9	5	5	14	6	1	0.	*					
10	5	5	13	6	1	0.	*	
11	5	6	9	8	1	0.	*
12	5	6	11	6	1	0.	*
13	5	7	11	6	1	0.	*
14	5	7	12	6	1	0.	*	
15	5	8	18	6	1	0.	*
16	5	8	10	6	1	0.	*
17	5	9	15	6	1	0.	*
18	5	10	15	6	1	0.	*
19	5	10	21	6	1	0.	*
20	5	11	21	6	1	0.	*
21	5	11	16	6	1	0.	*
22	5	12	16	6	1	0.	*
23	5	12	17	6	1	0.	*
24	5	13	19	6	1	0.	*
25	5	13	20	6	1	0.	*
26	5	14	22	6	1	0.	*
27	5	14	19	6	1	0.	*
28	5	15	18	6	1	0.	*
29	5	16	21	6	1	0.	*
30	5	16	23	6	1	0.	*
31	5	17	23	6	1	0.	*
32	5	18	19	6	1	0.	*
33	5	18	20	6	1	0.	*
34	5	19	24	6	1	0.	*
35	5	20	25	6	1	0.	*
36	5	21	25	6	1	0.	*
37	5	22	27	6	1	0.	*
38	5	22	24	6	1	0.	*
39	5	23	26	6	1	0.	*
40	5	24	27	9	1	0.	*
41	5	25	28	9	1	0.	*
42	5	25	26	9	1	0.	*
43	5	26	27	9	1	0.	*
44	5	27	28	9	1	0.	*
45	5	28	29	12	1	0.	*
29 number of nodes												
Name	x	y	z									
1	162.5	325	0	*
2	162.5	287.5	0	*
3	212.5	250	0	*
4	125	237.5	0	*
5	62.5	225	0	*
6	200	225	0	*
7	250	212.5	0	*
8	150	187.5	0	*
9	200	187.5	0	*
10	175	175	12.5	*
11	225	175	0	*
12	287.5	175	0	*
13	87.5	162.5	0	*
14	50	150	0	*
15	175	150	0	*
16	250	150	0	*
17	312.5	137.5	0	*
18	137.5	125	0	*
19	112.5	112.5	0	*
20	137.5	112.5	12.5	*
21	225	112.5	0	*
22	87.5	100	12.5	*
23	287.5	87.5	0	*
24	137.5	75	0	*
25	187.5	75	0	*
26	237.5	62.5	0	*
27	175	37.5	0	*
28	175	25	0	*
29	175	0	0	*
2 Total number of boundary nodes											
Node	 Bctype	 Pot/current								
1		2	0
29		2	0
